56.8019;
64.4015;
70.1201;
74.8599;
77.5963;
89.5447;
93.4594;
94.4626;
44.8019;
46.8019;
48.8019;
49.8019;
51.8019;
53.8019;
55.8019;
58.8019;
60.8019;
61.8019;
63.8019;
65.8019;
67.8019;
52.4015;
54.4015;
56.4015;
57.4015;
59.4015;
61.4015;
63.4015;
66.4015;
68.4015;
69.4015;
71.4015;
73.4015;
75.4015;
58.1201;
60.1201;
62.1201;
63.1201;
65.1201;
67.1201;
69.1201;
72.1201;
74.1201;
75.1201;
77.1201;
79.1201;
81.1201;
62.8599;
64.8599;
66.8599;
67.8599;
69.8599;
71.8599;
73.8599;
76.8599;
78.8599;
79.8599;
81.8599;
83.8599;
85.8599;
65.5963;
67.5963;
69.5963;
70.5963;
72.5963;
74.5963;
76.5963;
79.5963;
81.5963;
82.5963;
84.5963;
86.5963;
88.5963;
77.5447;
79.5447;
81.5447;
82.5447;
84.5447;
86.5447;
88.5447;
91.5447;
93.5447;
94.5447;
96.5447;
98.5447;
100.545;
81.4594;
83.4594;
85.4594;
86.4594;
88.4594;
90.4594;
92.4594;
95.4594;
97.4594;
98.4594;
100.459;
102.459;
104.459;
82.4626;
84.4626;
86.4626;
87.4626;
89.4626;
91.4626;
93.4626;
96.4626;
98.4626;
99.4626;
101.463;
103.463;
105.463;
