55;
57;
64;
55;
57;
64;
55;
57;
64;
55;
57;
64;
55;
57;
64;
55;
55;
55;
57;
57;
57;
64;
64;
64;
123.255;
123.256;
123.254;
123.255;
123.252;
123.248;
123.254;
79.3617;
123.254;
123.254;
73.8973;
74.046;
73.9046;
74.0456;
73.9968;
73.9624;
74.0027;
74.0034;
75.2398;
75.7014;
75.9422;
76.1339;
76.3841;
76.0281;
76.7137;
77.0032;
77.3899;
77.1583;
77.2458;
77.1081;
78.4248;
78.4199;
79.1536;
80.2395;
81.1386;
81.6846;
82.8692;
82.8393;
84.2857;
85.6033;
85.8755;
86.0342;
88.2045;
88.9478;
90.9544;
91.0308;
90.7849;
91.0194;
90.9752;
90.9119;
93.0244;
93.0272;
93.0196;
92.84;
92.9606;
93.1009;
92.9413;
92.7942;
93.1157;
92.7705;
93.0807;
92.7441;
92.9797;
93.0494;
92.9404;
92.9207;
92.6558;
85.9653;
85.4041;
82.4029;
81.8228;
73.9132;
73.922;
73.9092;
63.9624;
63.9081;
63.9749;
63.8009;
63.8616;
63.8604;
63.8649;
63.8558;
64.99;
67.0322;
66.8436;
61.7931;
65.0615;
66.874;
66.9154;
68.9135;
68.7871;
68.7225;
68.873;
68.7837;
68.9655;
56.877;
75.8638;
76.9292;
78.8442;
63.8788;
63.9897;
64.7226;
66.9211;
66.8572;
68.7524;
81.0165;
57.0234;
57.072;
76.9704;
81.0035;
69.9407;
69.9353;
69.9643;
89.659;
93.9962;
94.0402;
94.1032;
85.9351;
88.0129;
89.0174;
88.8938;
92.9782;
95.9227;
94.0535;
96.0738;
95.9195;
93.9657;
94.1964;
93.968;
95.9455;
96.0151;
96.0471;
94.0341;
91.0134;
90.969;
89.0056;
89.0726;
89.0021;
88.9654;
83.0586;
82.8551;
81.2354;
79.9296;
76.9645;
76.8893;
76.8236;
76.2987;
70.3166;
64.9827;
64.766;
63.975;
64.0133;
61.9443;
61.9114;
