74.025 74.009 73.9185 74.0568 73.9804 73.9895 74.1186 74.012 73.9884
74.0073 74.0668 74.0507 74.2234 75.2417 75.7736 75.9977 76.1463 76.7773
76.7586 76.9729 77.005 77.067 77.1908 76.9962 77.394 77.2196 78.3629
78.9615 80.3087 80.4198 80.9113 80.9264 81.5089 81.7882 82.7646 82.8983
83.169 83.8064 83.9477 84.3127 86.0115 85.8558 88.1567 88.1116 88.1215
88.9818 90.9654 90.9757 90.9459 93.0204 92.8611 92.833 92.9662 93.0058
92.9849 93.067 92.8696 92.9313 93.1586 92.881 92.862 93.1856 92.9551
85.994 85.5726 82.2425 81.8374 73.9671 73.9396 63.875 63.9393 63.9007
63.8728 63.8501 64.0773 63.9675 63.7954 64.9246 66.9588 63.92 63.8745
63.7094 63.9999 64.8765 66.9365 68.8356 68.4943 68.7759 68.8274 68.8136
56.9351 56.816 75.8266 75.9692 76.8767 78.8562 78.9771 63.9276 63.8797
63.9372 63.9902 64.6279 64.853 66.8793 68.7696 81.0172 57.122 56.9828
78.9866 81.0098 70.068 69.8753 89.9669 94.0443 93.9642 94.1401 85.9969
87.909 88.9179 89.0032 93.0512 93.992 96.1356 96.13 96.0656 93.8779
93.9951 94.0423 96.0887 93.9306 91.0643 91.1676 90.821 91.0918 88.9502
89.1187 89.0518 87.2031 86.8354 86.451 85.5166 83.3123 83.0067 81.203
80.6361 78.4468 77.0706 77.0661 76.9077 76.7782 76.3477 70.7168 70.3768
64.9747 63.8903 63.9304 63.8816 63.9485 61.8934 69.7323 74.2791 77.4912
77.8518 77.5054 76.4023 76.6023 74.5303 74.2871 73.9952 74.2779 74.3511
75.1524 74.2219 74.1339 73.0556 73.0619 73.3498 73.1704 73.1881 73.2501
73.1031 73.0981 73.2529 73.1536 72.0695 72.1262 71.0191 71.1285 70.8603
70.0308 69.2586 68.1943 69.0851 78.9739 79.0357 